-0.00132352506326
-0.00131905082557
-0.00131341683277
-0.00130623800701
-0.00129695228889
-0.00128472029244
-0.00126825940967
-0.00124556917187
-0.00121348934629
-0.00116706067224
-0.00109890187605
-0.000999733854676
-0.000862999543505
-0.000695434302109
-0.000522986060125
-0.00037548048524
-0.000265869964591
-0.00019029799407
-0.000139337302782
-0.000104700759639
-8.06536903932e-05
-6.3526900814e-05
-5.10126396549e-05
-4.16469845324e-05
-3.44834349086e-05
-2.88959711222e-05
-2.44608028697e-05
-2.0884548342e-05
-1.7959808511e-05
-1.55371096952e-05
